17.38
17.37
17.36
17.35
17.34
17.33
17.32.1
17.31
17.30
17.29
17.28
17.26
17.25
17.24
17.23
17.22
17.21
17.20
17.19
17.18
17.17
17.16
17.15
17.14
17.13
17.12
17.11
17.10.1
17.09.1
17.09
17.08
17.07
17.06
17.05
17.03
17.02
16.49.2
16.49
16.47
16.46.2
16.46.1
16.46
16.45
16.44
16.43
16.42.1
16.42
16.41
16.40
16.39
16.38
16.37.1
16.37
16.35
16.34
16.33.1
16.33
16.32
16.31
16.30
16.29
16.28
16.26
16.25
16.24
16.22
16.20.2
16.20
16.19.1
16.19
16.17
16.16.1
16.16
16.12
16.11
16.10
16.08
16.07
16.06
16.05
16.04
16.03
16.02